41978
127871
156136
1638
89798
86955
87510
17636
66401
98296
66415
131400
87568
144259
1656
88223
154927
156345
84298
176740
32999
127100
84355
146213
175846
87507
89812
90424
106634
89351
89362
156332
26219
144844
167029
155225
17580
127865
17618
125144
88267
89354
167026
56580
99158
118042
137429
154933
56538
109223
102801
127890
87531
73287
132424
141580
156356
10737
41971
50570
17595
88257
159753
107832
154935
90428
88274
90469
158756
84334
177608
90429
90517
95630
110142
85558
87536
66373
88238
173489
89773
96069
102809
107830
97503
102804
88284
41990
177281
85566
56563
151785
99175
157216
84329
41952
145551
162798
142221
90381
152562
76207
41963
92583
142939
170538
160788
83318
98312
1721
85551
151788
66357
56541
88235
103519
169021
158772
151930
106651
73440
154921
84358
109228
87538
151923
129597
1594
89764
33007
97301
96594
176743
80893
111410
88246
88204
127876
85536
1701
142955
73772
178264
102791
86927
127889
154938
176739
164479
1698
17582
160776
127603
144450
41976
50573
134841
1525
1684
97793
106638
88222
92160
156348
151925
79053
78140
84306
1708
182252
97511
142950
129598
165839
66385
1676
137424
85535
92161
90370
156362
85475
142947
90382
84351
89768
129601
66407
1611
1526
175733
97510
176741
92165
128171
1726
1712
50552
172886
133175
148643
41983
87518
89350
87533
85559
123577
153030
111413
90507
1678
89772
1625
33003
84312
85492
88215
90401
33000
90421
178260
147364
100560
104493
142959
32990
139160
84354
140887
86963
97303
84318
171925
103779
184041
127896
41985
66439
127888
178262
90350
77828
128810
96547
88175
90446
1733
85498
1704
84345
1716
86978
92170
26213
154570
86959
172812
156361
85507
66435
85534
1699
90511
124231
174844
1645
130179
85523
87565
79058
129588
89375
88247
153884
79050
89355
124875
85482
159760
1529
156743
103772
181912
174847
109263
173772
88228
56542
66417
167040
90359
96144
85563
77826
105599
128165
86931
89373
50549
156003
92177
109279
83320
147363
82046
90505
1614
154937
33001
106630
156353
90538
159755
100573
1668
90435
96802
109256
141657
79056
88226
154929
129602
182255
127604
132419
154948
106636
155224
1725
85490
17583
87558
1616
1619
165838
82032
26202
87539
100571
109239
161047
172374
99162
154566
178256
84297
170536
1551
158752
157204
86936
89776
26231
95168
144263
1628
86954
21065
50556
92166
167034
156009
79575
86939
178257
90360
82037
164471
156131
155234
164473
1686
165320
164469
66447
169729
1596
156007
88244
17571
56578
90416
141484
1522
125737
171193
144252
90348
148770
84356
95170
177607
147952
88178
90515
85491
89380
1714
163805
90496
175734
66405
1692
1635
66354
128167
88227
45588
89392
92169
172890
41964
127892
82043
41954
107823
85583
141483
89341
88233
85519
1715
97300
1536
85545
177283
97299
169725
156128
1647
1546
131395
90509
106631
127880
175731
89339
111409
79049
88187
90535
17574
1649
164483
109249
142952
104503
90385
144858
133172
26199
86935
41967
138641
148777
75461
107834
154940
96595
56584
89763
138036
130688
1652
95174
87559
169029
1605
154936
88261
142714
104498
77827
175732
85577
105601
168236
32985
154920
184039
84283
90362
97305
110126
89783
1640
127870
156335
88206
123576
92582
1533
102797
85501
66444
1624
177609
1713
85544
86974
165336
98293
172805
56555
84313
1730
1566
108880
158769
134837
56558
1663
168241
88275
172885
96599
156014
154571
129595
89356
131391
171632
88293
93762
103771
88282
115150
89387
164482
86948
93765
154926
50544
87520
174845
1568
96813
128166
92172
99168
100572
156006
168239
96423
84289
1695
109260
132420
106629
134139
99172
78138
73292
96801
88225
90485
84350
1583
154950
17584
109253
41995
88173
82039
88256
146829
88211
41989
156341
85524
88220
110127
90521
90443
96426
73293
127602
100567
85569
56562
26197
66426
97794
134839
85555
66361
125764
89364
1727
56574
1563
97502
169020
85512
87525
109254
127895
152560
89757
84339
130690
85543
173490
1694
158758
93199
86966
50554
17631
78143
148780
90419
167028
97813
17623
89363
17592
134144
50551
152102
84335
1531
127875
129594
26211
1520
90441
1556
87527
66432
130176
89780
88186
85537
66441
160775
167033
146014
146210
173771
84341
90371
141488
96807
109226
165324
175728
169024
127903
88190
99161
1654
167031
17578
56569
90523
1532
88272
1670
56581
89366
26208
147369
138032
128811
174836
169724
88237
84282
153886
98291
167042
90467
93197
99177
89807
56560
66368
176864
109221
1728
109231
88242
90386
105608
85486
85481
86973
86950
128172
1579
85488
1621
182244
89789
50577
90352
182251
89806
50567
100561
154928
114670
66392
152558
32991
84340
156354
146830
1608
1707
138035
160781
56586
144849
96814
17586
156010
66383
88210
66380
103516
26209
168250
90514
1541
66388
167039
87564
50553
115693
109235
112909
17652
96803
1702
103777
41994
17604
87570
138637
17624
177282
154573
1587
85511
97491
83308
84315
127863
33005
92168
86945
110136
85580
167037
125738
88201
90463
177610
99178
157568
86944
128164
174830
90526
96425
66404
165840
104502
1627
185076
152567
1689
1724
84295
185321
87540
163808
89803
74935
66397
89758
1590
86942
129590
17611
66364
87551
83311
87517
160777
90436
17585
108883
169023
89379
10738
56585
177606
85515
170543
158754
171191
26215
17612
97801
79051
147949
97808
56548
167022
107836
87554
109217
32984
88224
125763
156138
110135
1659
17607
1572
98302
87528
89775
17622
138040
77107
106635
172375
41973
89782
99180
170539
130178
81850
41951
149309
10744
131383
7059
148779
90391
109240
41992
89779
7055
89809
141655
56553
87555
90363
129591
105600
1543
90470
97514
77105
136739
84323
100555
88241
170537
89762
174850
88289
152104
87563
144250
89345
87552
89344
155227
100557
158762
115418
95172
97492
66403
109262
85564
17621
147580
90365
168237
78141
85495
147948
118041
167030
1610
88288
41962
125765
106633
81354
41955
85586
97304
93763
81851
1711
96543
162185
153035
171923
79055
90452
88177
178560
88197
97805
1669
26210
106646
138215
90392
175726
112337
88249
173770
173487
85494
106639
66410
96596
17642
1589
148778
103521
87512
183729
90439
147146
106642
88194
90451
89755
89343
171195
84303
66389
89353
26221
102807
88234
89340
17619
87545
89759
88179
26194
41970
73294
156349
100547
154925
160783
89390
56572
157201
97803
1700
88294
85526
142954
174841
95627
66386
106644
182254
87514
1597
1537
88176
87508
86929
32994
50550
66370
176605
86933
66350
104500
107826
169719
50574
140883
104505
85584
17600
141482
32986
136740
90432
159756
1617
148781
90492
103522
127872
168246
84328
1602
109224
97493
84326
147362
85571
84309
79054
165837
125560
26230
1521
170732
139157
158770
50575
88214
1615
170731
98316
143809
178559
98310
167023
82035
148772
89767
131388
1570
175730
156359
88260
66355
1672
141825
56575
41953
131387
99163
85578
66366
129600
112338
149311
156343
90475
84293
89801
127899
157202
103770
85509
85556
1549
155235
158766
17649
90388
103690
155226
172372
50568
10739
131384
66348
84360
84288
109245
1674
32998
1518
90472
105594
125904
128807
178261
157207
85541
152100
56571
88262
109274
169025
66360
130689
88239
41982
127904
41974
84337
126269
158757
82044
146833
137427
97513
125903
90397
1550
86928
1634
89802
1706
89781
153031
127885
133171
168235
87553
87560
99174
88191
104494
109236
1681
169031
90340
148645
142944
82047
160782
146214
1548
17581
160779
98315
66353
56544
174851
100552
128813
102792
102795
156340
180682
41969
81353
1729
106647
107842
33002
89372
26200
158768
89383
1593
87529
85540
85554
89766
126268
84338
162183
73290
93766
158771
88252
90471
87513
1575
153887
139158
1598
56566
109250
90354
96805
174834
41972
77825
181911
1735
87572
142949
156000
134838
96067
85546
109275
159761
93764
1581
127877
142958
127869
66429
89368
105609
109227
66371
96549
98303
96811
156129
88290
86956
141489
174852
85565
56554
86964
96066
127879
17610
1660
88209
131398
104495
153888
124614
88185
109246
1612
33006
90423
92171
104504
128170
1573
184599
127898
56564
97496
41986
142951
17639
96502
90489
79045
88188
85561
1609
172889
17576
88271
17579
129587
157206
90417
151786
106650
56567
66446
1675
127098
95629
109261
105606
88216
85500
169032
81352
1623
153033
1732
131382
165322
1673
157198
90510
88221
87556
142223
82038
144261
89358
167038
88268
156363
86958
156133
90529
41959
32995
1554
66377
98311
66349
156346
1631
96427
84322
153036
156130
89370
1646
148767
50545
155231
125559
156333
85516
66436
144852
90520
139161
157209
96815
83309
154944
66384
88217
151787
1620
134145
109229
1530
160780
151934
157213
89760
100550
167573
26232
151108
90384
149304
50546
1600
90408
79578
89795
88196
156352
105603
86940
85517
144859
92157
107828
149308
83314
147951
160778
66431
134146
90374
84330
148647
174839
96810
56539
1562
156334
139163
96546
147371
144851
66445
88292
87544
85562
143811
98314
182245
164480
154575
88218
90399
66387
85539
155229
177288
158774
169026
13233
66347
110128
125736
148649
88251
127901
156004
85527
106643
86961
84290
17625
125716
148774
109241
182248
142713
104490
88255
17591
1578
140886
1519
164467
109276
134836
89382
1555
108881
89378
84299
88219
99179
90367
125641
185294
115691
156355
129592
86967
1527
92174
7107
163806
154941
156337
90495
79060
154943
84284
17628
82031
125143
164484
41960
146209
88254
105593
149305
86972
155233
142960
88182
66381
84319
100546
177285
93767
66352
86930
167035
164474
66428
109273
159751
98294
85485
79061
152106
17643
89787
86926
1560
109258
56536
103024
66351
156342
26212
109225
148775
66376
144257
132423
83315
85573
176742
148769
100969
102799
66418
90414
1524
173492
89367
105607
41957
86951
109268
96808
142943
87526
56540
66382
90524
88198
168251
162797
79052
88279
87534
144251
142956
98292
150067
17587
174846
88283
56577
85483
92164
134147
56576
84357
169722
76206
123579
99169
178255
132428
151929
50566
26204
90389
130687
1540
89788
141486
171194
100559
138039
182247
139162
162184
82040
88287
87571
1637
90398
84316
144854
90366
111412
176604
169030
105604
144846
85547
109244
154951
110145
85532
168243
98287
88281
102796
1723
90486
86946
90410
177605
134143
184036
10743
157199
124230
118971
41968
165321
82030
90464
73773
89786
87505
32988
17597
90404
147366
92159
128808
90405
97497
152107
137425
156001
89784
104492
78142
150064
85552
88172
86970
148639
82041
56557
1655
154952
129586
1661
90420
128013
154932
109269
142948
17629
127905
1667
109278
169728
129593
41961
84327
115419
169720
50560
41981
89391
17647
151933
157203
147361
81853
85531
86947
85582
90338
175727
90395
98306
1586
1662
127893
102810
156011
87523
109251
100553
173488
77829
89386
1658
82042
168249
89360
1653
73441
144248
175735
125642
66367
41956
183728
86953
89376
50557
41958
99164
88269
56559
81852
1599
87548
90453
127902
157214
41991
1687
109242
152561
100554
85510
97797
84349
128163
90376
92158
172371
1736
144449
90390
26225
87515
139159
133173
1677
148773
1710
96809
179536
109264
88230
154569
129589
102794
88184
89357
108882
100549
97298
128162
132427
1703
100565
90394
102808
144254
156008
88203
102811
184035
174842
88208
26196
7058
66378
171196
106640
144848
93201
50543
136899
66391
109230
139664
142226
152566
17614
1682
87535
93200
168242
88181
104501
84287
156012
142945
1680
41966
87532
1592
41975
127900
79046
85479
87566
87569
26226
151926
73771
107825
89793
1651
178258
100563
89359
90534
143806
128168
90426
177284
89797
90474
1657
90519
17620
77676
152564
1528
88213
97792
17646
17617
123578
84301
77106
147947
107837
110124
66363
66395
87521
85525
56549
90422
127882
56535
177287
1691
90437
1534
66372
80577
153032
154572
164470
179533
17616
1685
103025
56556
90530
85499
179534
154574
137428
88180
90533
138639
90349
1538
127884
17633
1574
139164
151919
148776
131386
17594
86934
56579
103778
138034
84359
26216
84344
97795
90351
90406
100570
88236
127881
41997
156338
154576
149313
110141
106930
176737
176732
98289
172808
97512
164476
169718
1544
1591
1547
168252
164472
90434
32989
85538
84343
1561
66365
134140
90442
114669
151924
93195
85496
89792
127883
73774
103520
1632
84300
17573
178259
87537
79048
85588
99156
96797
76208
98304
75459
87516
88265
85514
66402
73289
100564
154924
142941
167027
127867
152565
89811
97809
90345
134142
84286
106649
1567
148642
84292
33010
89796
84310
164478
164468
90490
41977
172806
86957
184598
92834
85568
88231
17650
90445
85579
86949
102805
150063
172373
110125
112910
143810
110132
73288
66420
109248
110144
1603
172811
89338
97804
89805
85505
136898
173494
86969
93202
96428
127878
89388
157211
109216
128159
99170
109237
118970
97499
1553
99155
90427
1601
66374
125740
156005
73023
153890
138638
86937
77831
93768
1604
80576
93198
82045
156002
139156
89352
156137
90375
85484
139665
110134
147149
151922
88259
50547
85473
84325
141656
85574
154903
85474
144856
156336
99176
74936
88248
175845
88276
142224
125734
1650
10745
92167
157208
88205
160784
131401
89791
17644
17599
90460
66400
26233
107840
134840
84333
82036
33011
162186
1630
1709
90462
126666
169721
82029
153029
90518
182333
176734
159754
109232
86962
1639
96422
89374
109267
17638
148782
79576
97799
128173
109233
131399
84304
17634
10747
1557
103518
154567
26207
97802
108884
104499
89384
97505
87524
84308
89777
17596
50548
130177
97508
158760
96503
109277
86924
82034
17654
17575
107824
88200
97506
26201
154946
56573
86923
149316
107835
1606
66443
90448
66424
86960
50569
174838
17570
84311
84347
89389
165319
17630
171922
146211
85575
138038
106632
1664
96600
131394
182253
1633
86968
84281
90536
1719
136742
90512
1539
96936
1648
174848
85570
17601
88253
142946
109547
138037
90400
138636
66414
155223
105597
88229
109548
133176
66423
90513
154953
182250
146832
89765
89770
1585
66437
167041
169022
90356
100576
154942
144853
1582
130181
1558
148771
73291
109271
66409
87546
126667
167044
66362
149310
88202
127864
17603
178263
84296
136735
56546
96597
1571
89346
89365
86943
107827
150062
17605
79043
158767
66430
1641
158763
110143
74321
66356
156364
103774
1584
83316
1665
98288
84346
85520
103517
85518
167036
78137
158759
90364
88250
106628
98290
85530
90450
1580
17608
157200
17653
127097
26220
1565
50561
1644
66408
105592
169726
97504
109255
138041
88273
79044
109220
85550
50576
128161
97495
109218
98298
103773
154947
182246
99159
90522
56543
66425
32993
89810
87509
181910
176736
128169
151921
90344
26205
112911
148783
129599
144256
88245
66413
1577
170540
174837
160785
98313
33004
100566
83312
159757
96548
90531
86976
84352
84307
109234
149306
112912
17641
98285
105595
163807
100551
86977
153889
88286
144253
90449
159758
84336
182499
169028
100562
66427
171197
66359
103776
85542
1705
17645
17651
66438
88277
85557
164481
56583
146212
95628
17598
90357
10741
99171
89371
158773
95167
110139
90455
86921
92162
169727
88189
109272
1576
152105
137563
66416
88232
154922
92173
90373
84314
142222
66394
97810
174840
17588
152103
1717
90402
109265
86938
1552
66390
106648
147367
87549
95173
149307
84291
1595
155228
98286
1636
89347
140882
134138
131397
88243
77104
85576
158761
96800
26206
105596
85497
115692
90379
90369
1622
75460
89336
97798
174833
169723
110133
156358
127891
89761
17640
167025
184040
134210
56568
89778
158753
96424
164475
85529
128158
1679
96598
66412
107833
125351
90380
174843
154939
153891
1688
132426
168248
125735
106645
110137
185075
127873
89348
98307
90488
171631
90342
156132
97500
56550
97507
134141
79047
157218
93769
96804
141487
93196
88295
170542
86920
90466
89804
107841
41987
41984
131389
102798
82033
105885
17635
156351
86975
26228
17627
137484
142225
41988
1517
146011
154577
168240
100568
105605
88270
104497
90532
98295
172888
50559
87504
88278
88199
99165
87557
56545
127866
144855
17637
144845
97306
99160
144262
124615
50565
1613
26235
156350
159752
85585
127426
138634
90444
90393
80894
109259
124874
109252
17626
110129
169033
144255
109247
84294
97806
174835
88212
157215
26222
109243
109266
152099
128160
159759
89769
144258
89774
89369
103691
89756
90461
90525
129585
26218
85521
92163
167024
41979
1559
104491
84331
172809
17602
147365
98308
26214
97811
95175
66442
32997
56582
142953
156740
146013
100556
1696
102803
78139
85476
66433
173491
80579
156742
85477
136743
109238
168244
131390
128809
130180
89337
127894
96143
154934
83310
97796
84332
1671
1629
168245
159750
88291
146012
156347
1588
90487
176733
95171
174831
66406
137426
147372
144249
1731
90387
173493
88280
84320
89800
41965
1535
85533
98297
56552
84305
1666
169027
109270
85487
1642
88174
171190
131393
174832
107831
137562
1626
87562
26227
98300
85567
1697
96799
92176
132425
167043
147370
56537
41993
131392
174849
66434
89381
26224
85480
86932
89771
182249
127099
85478
85513
50571
56547
167032
87506
172370
66398
66419
97807
109257
168247
33009
26198
56570
153034
1643
10740
86952
88207
77830
66422
90506
1523
1542
156134
41996
90465
89794
10746
97302
147148
110140
107839
58625
79577
156360
139155
84353
152563
176738
155232
50572
136736
90438
89785
102802
88266
100574
76209
66421
97498
154568
138033
66379
143808
155230
110138
97812
148640
102793
32992
98305
26229
115694
132421
50564
26195
131385
100558
136744
90403
85548
184038
150060
177611
17648
136737
90491
170541
126267
154923
86971
148641
50563
97509
90377
85572
85587
106637
154945
90456
128812
140884
96544
138640
145246
90361
141481
1564
88285
17590
129596
155222
177286
79574
90353
144260
17632
84348
164477
90528
146831
152101
97494
90468
156135
85553
171192
160786
148768
87541
84302
144850
1607
142957
88193
1545
137879
17572
110130
33008
66375
104496
10742
132422
141485
89790
168238
96798
66399
185293
87543
141824
156344
103775
158765
85581
84317
156741
156339
145247
107829
89385
1683
151931
85503
157205
110131
157210
152559
181909
83319
96812
176735
92175
88258
86965
125352
32987
17606
90412
96806
107838
32983
152108
32996
106641
90508
156013
1722
154949
148644
66396
85489
66411
105598
110146
184037
110147
90372
85549
138635
26223
99166
1569
127887
87519
90358
56561
89799
127868
127886
87530
88195
89361
96545
153885
17577
158764
157212
88263
128806
99173
87522
147368
131396
84324
160787
26203
97800
99167
158755
41980
151109
26217
99157
84285
79059
88240
125741
87550
148646
1720
84342
89349
109222
97501
87542
84321
87242
85493
179535
83313
17589
1718
85506
85528
87547
105602
151928
17613
88192
89808
165323
17615
87567
100575
56565
1618
102806
17593
66440
127897
1734
109219
26234
172810
108885
149315
79057
85508
75462
80578
17609
156357
136738
66369
98309
90458
167021
66358
87561
172807
100548
177280
96068
136741
171924
85502
172887
175729
98301
90431
126270
1693
90493
90440
150066
95169
85504
88264
111411
149312
89342
50555
127605
86919
74320
90454
89377
133174
66393
148648
98299
180683
50558
83317
50562
1690
125739